2
1
2
13
1
1
3
3
9
4
2
4
3
8
24
25
10
1
1
4
6
3
10
2
1
17
1
1
7
1
1
1
7
11
2
4
1
1
13
1
1
10
24
2
1
2
1
3
11
18
1
3
3
6
3
2
1
8
9
9
1
6
1
9
3
19
1
2
1
1
7
4
17
1
1
1
1
1
1
2
14
2
3
1
1
1
1
1
11
1
1
3
4
7
5
18
5
1
6
3
1
20
5
5
3
1
1
1
2
1
1
12
1
6
3
6
10
20
9
7
12
2
6
2
1
5
3
2
1
4
14
16
15
11
6
3
1
2
1
1
3
1
5
8
19
3
3
4
1
6
2
1
1
4
1
20
3
7
28
2
1
2
2
1
1
1
22
12
29
3
1
2
7
1
10
6
10
14
1
3
1
7
26
3
1
11
10
1
1
25
13
4
5
2
2
3
3
3
8
20
1
12
1
1
1
1
1
1
1
1
2
1
4
3
29
41
7
2
12
3
3
5
11
2
19
8
1
1
1
4
2
1
22
2
1
1
1
7
1
10
8
2
2
12
8
17
9
5
1
10
40
1
2
4
1
21
7
9
2
1
8
1
9
1
3
3
4
1
7
1
11
1
15
9
5
5
1
5
9
3
2
3
6
2
5
5
1
1
2
4
2
16
1
1
1
1
4
2
7
13
4
20
5
1
2
25
1
6
4
5
1
1
16
4
1
3
1
2
13
4
28
7
1
1
30
1
13
7
3
19
2
10
1
3
1
7
4
1
4
1
5
13
1
5
1
3
1
3
13
1
3
1
1
1
3
1
6
3
9
1
7
1
19
15
1
16
2
2
5
11
1
10
2
3
1
5
1
2
1
3
1
1
2
2
7
3
1
6
2
1
1
25
2
8
4
10
3
1
10
2
23
12
4
1
4
3
2
1
10
1
11
4
7
15
1
19
13
3
9
3
2
1
15
5
1
9
3
3
1
2
1
1
24
10
1
1
1
14
1
1
1
4
1
1
8
8
14
1
1
5
7
3
8
5
2
3
1
15
12
5
7
39
2
1
4
2
3
1
1
2
2
4
1
6
15
9
6
3
4
4
4
2
3
18
25
1
5
16
4
4
19
1
13
1
1
14
18
1
1
2
9
5
16
6
8
1
8
1
11
1
2
12
6
15
5
1
4
7
2
1
5
1
3
5
4
9
8
2
5
3
1
4
1
1
1
1
6
7
1
2
4
1
11
1
1
1
11
1
2
1
23
6
4
2
7
2
15
1
13
1
5
7
7
17
1
5
4
1
1
3
1
1
1
13
1
2
9
3
1
15
6
10
20
2
1
1
15
1
5
2
4
1
2
1
1
10
6
2
32
3
11
2
2
4
5
2
3
2
3
1
3
3
1
8
27
6
43
1
6
1
2
9
4
4
1
3
11
1
14
1
2
3
1
15
2
2
3
2
1
2
1
2
3
2
1
1
1
9
2
6
6
14
18
1
8
2
16
1
5
5
3
1
5
1
2
3
2
1
1
11
24
3
1
1
1
3
3
2
18
1
1
2
2
14
2
6
4
2
4
1
40
10
7
2
5
1
1
1
2
18
9
9
4
19
2
3
1
6
1
1
10
1
14
2
6